0.000000000000000000e+00
0.000000000000000000e+00
0.000000000000000000e+00
0.000000000000000000e+00
0.000000000000000000e+00
0.000000000000000000e+00
0.000000000000000000e+00
0.000000000000000000e+00
0.000000000000000000e+00
0.000000000000000000e+00
0.000000000000000000e+00
0.000000000000000000e+00
0.000000000000000000e+00
0.000000000000000000e+00
0.000000000000000000e+00
0.000000000000000000e+00
0.000000000000000000e+00
0.000000000000000000e+00
0.000000000000000000e+00
0.000000000000000000e+00
0.000000000000000000e+00
0.000000000000000000e+00
0.000000000000000000e+00
0.000000000000000000e+00
0.000000000000000000e+00
0.000000000000000000e+00
0.000000000000000000e+00
0.000000000000000000e+00
0.000000000000000000e+00
0.000000000000000000e+00
0.000000000000000000e+00
0.000000000000000000e+00
0.000000000000000000e+00
0.000000000000000000e+00
0.000000000000000000e+00
0.000000000000000000e+00
0.000000000000000000e+00
0.000000000000000000e+00
0.000000000000000000e+00
0.000000000000000000e+00
0.000000000000000000e+00
0.000000000000000000e+00
0.000000000000000000e+00
0.000000000000000000e+00
0.000000000000000000e+00
0.000000000000000000e+00
0.000000000000000000e+00
0.000000000000000000e+00
0.000000000000000000e+00
0.000000000000000000e+00
0.000000000000000000e+00
0.000000000000000000e+00
0.000000000000000000e+00
0.000000000000000000e+00
0.000000000000000000e+00
0.000000000000000000e+00
0.000000000000000000e+00
0.000000000000000000e+00
0.000000000000000000e+00
0.000000000000000000e+00
0.000000000000000000e+00
0.000000000000000000e+00
0.000000000000000000e+00
0.000000000000000000e+00
0.000000000000000000e+00
0.000000000000000000e+00
0.000000000000000000e+00
0.000000000000000000e+00
0.000000000000000000e+00
0.000000000000000000e+00
0.000000000000000000e+00
0.000000000000000000e+00
0.000000000000000000e+00
0.000000000000000000e+00
0.000000000000000000e+00
0.000000000000000000e+00
0.000000000000000000e+00
0.000000000000000000e+00
0.000000000000000000e+00
0.000000000000000000e+00
0.000000000000000000e+00
0.000000000000000000e+00
0.000000000000000000e+00
0.000000000000000000e+00
0.000000000000000000e+00
0.000000000000000000e+00
0.000000000000000000e+00
0.000000000000000000e+00
0.000000000000000000e+00
0.000000000000000000e+00
0.000000000000000000e+00
0.000000000000000000e+00
0.000000000000000000e+00
0.000000000000000000e+00
0.000000000000000000e+00
0.000000000000000000e+00
0.000000000000000000e+00
0.000000000000000000e+00
0.000000000000000000e+00
0.000000000000000000e+00
0.000000000000000000e+00
0.000000000000000000e+00
0.000000000000000000e+00
0.000000000000000000e+00
0.000000000000000000e+00
0.000000000000000000e+00
0.000000000000000000e+00
0.000000000000000000e+00
0.000000000000000000e+00
0.000000000000000000e+00
0.000000000000000000e+00
0.000000000000000000e+00
0.000000000000000000e+00
0.000000000000000000e+00
0.000000000000000000e+00
0.000000000000000000e+00
0.000000000000000000e+00
0.000000000000000000e+00
0.000000000000000000e+00
0.000000000000000000e+00
0.000000000000000000e+00
0.000000000000000000e+00
0.000000000000000000e+00
0.000000000000000000e+00
0.000000000000000000e+00
0.000000000000000000e+00
0.000000000000000000e+00
0.000000000000000000e+00
0.000000000000000000e+00
0.000000000000000000e+00
0.000000000000000000e+00
0.000000000000000000e+00
0.000000000000000000e+00
0.000000000000000000e+00
0.000000000000000000e+00
0.000000000000000000e+00
0.000000000000000000e+00
0.000000000000000000e+00
0.000000000000000000e+00
0.000000000000000000e+00
0.000000000000000000e+00
0.000000000000000000e+00
0.000000000000000000e+00
0.000000000000000000e+00
0.000000000000000000e+00
0.000000000000000000e+00
0.000000000000000000e+00
0.000000000000000000e+00
0.000000000000000000e+00
0.000000000000000000e+00
0.000000000000000000e+00
0.000000000000000000e+00
0.000000000000000000e+00
0.000000000000000000e+00
0.000000000000000000e+00
0.000000000000000000e+00
0.000000000000000000e+00
0.000000000000000000e+00
0.000000000000000000e+00
0.000000000000000000e+00
0.000000000000000000e+00
0.000000000000000000e+00
0.000000000000000000e+00
0.000000000000000000e+00
0.000000000000000000e+00
0.000000000000000000e+00
0.000000000000000000e+00
0.000000000000000000e+00
0.000000000000000000e+00
0.000000000000000000e+00
0.000000000000000000e+00
0.000000000000000000e+00
0.000000000000000000e+00
0.000000000000000000e+00
0.000000000000000000e+00
0.000000000000000000e+00
0.000000000000000000e+00
0.000000000000000000e+00
0.000000000000000000e+00
0.000000000000000000e+00
0.000000000000000000e+00
0.000000000000000000e+00
0.000000000000000000e+00
0.000000000000000000e+00
0.000000000000000000e+00
0.000000000000000000e+00
0.000000000000000000e+00
0.000000000000000000e+00
0.000000000000000000e+00
0.000000000000000000e+00
0.000000000000000000e+00
0.000000000000000000e+00
0.000000000000000000e+00
0.000000000000000000e+00
0.000000000000000000e+00
0.000000000000000000e+00
0.000000000000000000e+00
0.000000000000000000e+00
0.000000000000000000e+00
0.000000000000000000e+00
0.000000000000000000e+00
0.000000000000000000e+00
0.000000000000000000e+00
0.000000000000000000e+00
0.000000000000000000e+00
0.000000000000000000e+00
0.000000000000000000e+00
0.000000000000000000e+00
0.000000000000000000e+00
0.000000000000000000e+00
0.000000000000000000e+00
0.000000000000000000e+00
0.000000000000000000e+00
0.000000000000000000e+00
0.000000000000000000e+00
0.000000000000000000e+00
3.762448173780651162e-02
4.065718848006114050e-02
6.309863633978691350e-03
-3.383872073775672645e-02
-4.287614131845468579e-02
-1.249343530442184776e-02
2.937567751206758906e-02
4.423692789683980608e-02
1.842695078230277214e-02
-2.432467990124598245e-02
-4.471231206259797253e-02
-2.399165071498905732e-02
1.878682365681478769e-02
4.429277899841935207e-02
2.907615759549298656e-02
-1.287294900915878122e-02
-4.298672566143593027e-02
-3.357870498403116299e-02
6.701422199559874983e-03
4.082029271806743992e-02
3.740917436400866686e-02
-3.957663790730774306e-04
-3.783684133840520269e-02
-4.049089886474147720e-02
-5.917810708181726713e-03
3.409608532209797149e-02
4.276219774939445800e-02
1.211294277387643323e-02
-2.967289592624594921e-02
-4.417761095534846610e-02
-1.806563420759478220e-02
2.465580331668085559e-02
4.470880897766276590e-02
2.365674184981790551e-02
-1.914522463609489786e-02
-4.434515988430908634e-02
-2.877435964307215391e-02
1.325145415424703113e-02
4.309394211436337607e-02
3.331605843243030246e-02
-7.092455727403826522e-03
-4.098019879999826448e-02
-3.719093608574384341e-02
7.915017509542554954e-04
3.804623652802235217e-02
4.032143690043599182e-02
5.525294138422172201e-03
-3.435077857325755796e-02
-4.264490388141606303e-02
-1.173150122805100178e-02
2.996778955179432366e-02
4.411483282126224537e-02
1.770290224083663488e-02
-2.498499501869766090e-02
-4.470180308224929594e-02
-2.331997954490795666e-02
1.950212564042604763e-02
4.439406645061268891e-02
2.847030729983286365e-02
-1.362892108486423413e-02
-4.319778227712697122e-02
-3.305080166057888791e-02
7.482933581124340261e-03
4.113689419765813315e-02
3.696978400137242160e-02
-1.187175110880961696e-03
-3.825265090112892064e-02
-4.014881586401689711e-02
-5.132344677278433479e-03
3.460278053672967424e-02
4.252426890416689115e-02
1.134914055182672903e-02
-3.026033528461970559e-02
-4.404859841307284113e-02
-1.733878330106616850e-02
2.531222921604475012e-02
4.469129492524991781e-02
2.298139018464648992e-02
-1.985749870761005162e-02
-4.443949486563712054e-02
-2.816402438742813055e-02
1.400532022752923843e-02
4.329823801413962281e-02
3.278295545060512517e-02
-7.872825167870727697e-03
-4.129036663439968058e-02
-3.674573543754336424e-02
1.582755458949087210e-03
3.845606828573452235e-02
3.997304927986091577e-02
4.738993111244746426e-03
-3.485207146886338397e-02
-4.240030226906092714e-02
-1.096589070209608510e-02
3.055051020457990804e-02
4.397891292006140401e-02
1.697330591598668337e-02
-2.563748027083551442e-02
-4.467728532994941909e-02
-2.264100029656545068e-02
2.021131599515832086e-02
4.448144157019276457e-02
2.785553490226982953e-02
-1.438062209241909410e-02
-4.339530145497452751e-02
-3.251254078751245752e-02
8.262099940724680625e-03
4.144060408608558899e-02
3.651880794783671225e-02
-1.978211802541743249e-03
-3.865647274465446037e-02
-3.979415091878965582e-02
-4.345270258319144756e-03
3.509863183840949280e-02
4.227301368853825236e-02
1.058178170541580927e-02
-3.083829157727933229e-02
-4.390578180189191881e-02
-1.660649871973188599e-02
2.596072270055702069e-02
4.465977539396052270e-02
2.229883654926313741e-02
-2.056354978247327409e-02
-4.451990327787232193e-02
-2.754486301364866135e-02
1.475479727567950879e-02
4.348896499498183105e-02
3.223957885753547803e-02
-8.650727401093540742e-03
-4.158759478203055693e-02
-3.628901931138831666e-02
2.373513158757445396e-03
3.885384857675834580e-02
3.961213479699070283e-02
3.951206965588954789e-03
-3.534244232805076880e-02
-4.214241313530410482e-02
-1.019684365565440461e-02
3.112365685585012989e-02
4.382921078818353272e-02
1.623839045062247868e-02
-2.628193118006651868e-02
-4.463876648913787243e-02
-2.195492575031475838e-02
2.091417247302015253e-02
4.455487697530827879e-02
2.723203306184055275e-02
-1.512781646172855002e-02
-4.357922129588442245e-02
-3.196409104648004207e-02
9.038677101099776290e-03
4.173132720592356848e-02
3.605638753149689041e-02
-2.768628556837538293e-03
-3.904818031820029428e-02
-3.942701517491951912e-02
-3.556834106814009931e-03
3.558348383591541236e-02
4.200851084154755971e-02
9.811106711634372951e-03
-3.140658368271868894e-02
-4.374920587806157418e-02
-1.586900994891458916e-02
2.660108054357556567e-02
4.461426026147056328e-02
2.160929484417214996e-02
-2.126315659648913073e-02
-4.458635992240899543e-02
-2.691706955619965411e-02
1.549965042555344341e-02
4.366606328635289080e-02
3.168609893804772565e-02
-9.425918645966490511e-03
-4.187179009673010210e-02
-3.582093083421353241e-02
3.163527040592666994e-03
3.923945274363039443e-02
3.923880655618213614e-02
3.162182580007783048e-03
-3.582173747707360217e-02
-4.187131729813983044e-02
-9.424601094769353288e-03
3.168704989135728151e-02
4.366577333968760244e-02
1.549838615454022378e-02
-2.691814578662173746e-02
-4.458625863095317526e-02
-2.126197091005275347e-02
2.161047481094754974e-02
4.461434965257337487e-02
2.659999717323811852e-02
-1.587027003500026887e-02
-4.374948416255949185e-02
-3.140562431214483780e-02
9.812421696398763299e-03
4.200897244957446652e-02
3.558266766691371014e-02
-3.558177670828109682e-03
-3.942765086738762859e-02
-3.904752368639887589e-02
-2.767283305016606312e-03
3.605718458501711715e-02
4.173084325381238441e-02
9.037357086696354291e-03
-3.196503350802075427e-02
-4.357891970976828649e-02
-1.512654810483989726e-02
2.723310206802761688e-02
4.455476379143534504e-02
2.091298115981802055e-02
-2.195609990498207167e-02
-4.463884397288413186e-02
-2.628084075469274555e-02
1.623964625305638829e-02
4.382947738871127014e-02
3.112268914317599042e-02
-1.019815597096065951e-02
-4.214286351660195828e-02
-3.534161669685201290e-02
3.952549527767776176e-03
3.961275994467392675e-02
3.885318155204903201e-02
2.372167221097194051e-03
-3.628980671312177081e-02
-4.158709971431476943e-02
-8.649405026903280586e-03
3.224051275346812712e-02
4.348865179304327311e-02
1.475352493228765036e-02
-2.754592471184705987e-02
-4.451977821044992428e-02
-2.056235293584145543e-02
2.230000479983062014e-02
4.465984096427959293e-02
2.595962530557871170e-02
-1.660775014012541226e-02
-4.390603669756207306e-02
-3.083731559832249280e-02
1.058309124844768537e-02
4.227345280782092429e-02
3.509779680969957183e-02
-4.346611713476687677e-03
-3.979476547270940912e-02
-3.865579537929676041e-02
-1.976865284492633403e-03
3.651958563609267183e-02
4.144009794155236598e-02
8.260775310351912287e-03
-3.251346604466889140e-02
-4.339497666175204382e-02
-1.437934586220858402e-02
2.785658920929846155e-02
4.448130462901957877e-02
2.021011370886640832e-02
-2.264216255150393320e-02
-4.467733898170404838e-02
-2.563637599223050553e-02
1.697455285629452179e-02
4.397915609090360251e-02
3.054952603580559506e-02
-1.096719737025453854e-02
-4.240073009192464604e-02
-3.485122710806447255e-02
4.740333354281739582e-03
3.997365319186862997e-02
3.845538063279814456e-02
1.581408466007052467e-03
-3.674650335139213048e-02
-4.128984945270403745e-02
-7.871498385096544273e-03
3.278387199649403227e-02
4.329790165507986510e-02
1.400404021048915273e-02
-2.816507122068498750e-02
-4.443934606144211291e-02
-1.985629107585382483e-02
2.298254635289653791e-02
4.469133665423663526e-02
2.531111814033018895e-02
-1.734002566359402545e-02
-4.404882984003533758e-02
-3.025934300313479902e-02
1.135044424273795420e-02
4.252468539709293449e-02
3.460192690999509130e-02
-5.133683603190573874e-03
-4.014940908679773962e-02
-3.825195301448955365e-02
-1.185827748579141574e-03
3.697054208065007896e-02
4.113636601931980330e-02
7.481604749898473385e-03
-3.305170942339145934e-02
-4.319743437858272750e-02
-1.362763738128034037e-02
2.847134657730147900e-02
4.439390579505424900e-02
